Inserción de claves: 12, 25, 14, 1, 33, 88, 45, 2, 7, 66, 5, 99

             12
            /  \
           1    25
            \    / \
             2  14  33
                  /   \
                 7    88
                /     / \
               5     45  99
                    /
                   66

Recorrido:
Preorden: 12, 1, 2, 25, 14, 7, 5, 33, 88, 45, 66, 99
Inorden: 1, 2, 5, 7, 12, 14, 25, 33, 45, 66, 88, 99
Postorden: 2, 5, 7, 1, 14, 66, 45, 99, 88, 33, 25, 12

Eliminación de claves: 99, 2, 12, 33
             14
            /  \
           1    25
            \    / \
             5  88  45
            /     /
           7     66
Recorrido:
Preorden: 14, 1, 5, 7, 25, 88, 66, 45
Inorden: 1, 5, 7, 14, 25, 45, 66, 88
Postorden: 7, 5, 1, 66, 45, 88, 25, 14